      111 +1 ! Number of points; direction
      2.01001     -0.78685
      2.08113     -0.95785   
      2.13895     -1.09745
      2.19958     -1.24389
      2.29544     -1.33443
      2.35993     -1.33443
      2.40479     -1.38586
      2.41291     -1.42893
      2.41257     -1.47445
      2.40762     -1.50441
      2.39801     -1.51641
      2.42107     -1.60173
      2.41774     -1.64941
      2.40573     -1.68971
      2.36837     -1.68971
      2.31498     -1.73870
      2.36430     -1.73792
      2.43665     -1.71075
      2.52369     -1.70983
      2.57578     -1.61378
      2.81419     -1.68565
      2.81419     -1.70845
      2.87016     -1.71312
      2.94647     -1.74476
      2.98698     -1.74595
      2.93504     -1.68233
      2.89768     -1.68233
      2.88123     -1.61946
      2.88392     -1.58170
      2.90045     -1.51041
      2.89049     -1.49841
      2.88591     -1.47574
      2.88753     -1.42303
      2.90660     -1.38336
      2.96348     -1.33481
      3.01095     -1.33481
      3.06005     -1.29777
      3.19404     -1.21404
      3.30938     -1.07955 
      3.35908     -1.03118
      3.40730     -0.97817
      3.47948     -0.89092 
      3.53044     -0.82266
      3.57817     -0.75270
      3.62705     -0.67402
      3.64054     -0.65024
      3.68002     -0.57538 
      3.71647     -0.49848
      3.74943     -0.42052
      3.77921     -0.34080
      3.80542     -0.26033
      3.82831     -0.17837 
      3.84759     -0.09595
      3.86342     -0.01234
      3.87562      0.07141
      3.88428      0.15607
      3.88931      0.24056
      3.89075      0.32565 
      3.88857      0.41025
      3.88276      0.49515
      3.87340      0.57927
      3.86039      0.66337
      3.84391      0.74638
      3.82380      0.82907
      3.80031      0.91039
      3.77324      0.99107
      3.74292      1.07008 
      3.70908      1.14817
      3.67215      1.22433
      3.64093      1.28315 
      3.64042      1.42450 
      3.56203      1.49509
      3.47713      1.57154 
      3.39779      1.64298 
      3.30014      1.71131 
      3.14940      1.81630 
      2.97530      1.94144 
      2.88352      1.97646
      2.78469      2.00470
      2.67781      2.01833
      2.57510      2.01570
      2.47879      1.99910 
      2.38114      1.96722
      2.24335      1.89378
      2.20596      1.87145 
      2.17814      1.83917 
      2.11917      1.72309
      2.05841      1.60283
      1.99742      1.44400
      1.93823      1.28935
      1.91601      1.23156 
      1.90405      1.17127
      1.88606      1.07288
      1.87136      0.97373 
      1.85827      0.87440
      1.84517      0.77500
      1.83207      0.67564 
      1.82013      0.57594
      1.81195      0.47636 
      1.80708      0.37656
      1.80551      0.27666
      1.80726      0.17676
      1.81233      0.07698 
      1.82069     -0.02259 
      1.83236     -0.12182
      1.84730     -0.22061
      1.86552     -0.31885
      1.88698     -0.41643
      1.91166     -0.51325
      1.95396     -0.65588 
      2.01001     -0.78685      

! Mai 2005: Divertor with load-bearing SRP

