          194  ! number of los
mkIIlbsrp 
      3.0000      0.3000      0.0000 ! origin for (p,ksi,zeta)
! los  cam cam         det det vers fname          Rdet(m)     Zdet(m)  fidet(deg)      Rst(m)      Zst(m)   fist(deg)     Rend(m)     Zend(m)  fiend(deg)        p(m)    ksi(deg)   zeta(deg)  etendue(srm2) type defonoff
    1    1 KB5V01        1 A   v01 KB5V0101.v0      3.2311      2.3932      0.0000      3.5484      1.5074      0.0000      3.8678      0.6155      0.0000      0.9234    289.7040      0.0000   0.615668E-07   2   1
    2    1 KB5V01        2 B   v01 KB5V0102.v0      3.2261      2.3925      0.0000      3.4198      1.6231      0.0000      3.8498     -0.0844      0.0000      0.7302    284.1330      0.0000   0.484012E-07   2   1
    3    1 KB5V01        3 C   v01 KB5V0103.v0      3.2211      2.3918      0.0000      3.3276      1.6921      0.0000      3.6743     -0.5862      0.0000      0.5333    278.6540      0.0000   0.483687E-07   2   1
    4    1 KB5V01        4 D   v01 KB5V0104.v0      3.2161      2.3911      0.0000      3.2522      1.7447      0.0000      3.4045     -0.9812      0.0000      0.3324    273.1990      0.0000   0.467045E-07   2   1
    5    1 KB5V02        1 A   v01 KB5V0201.v0      3.2101      2.3902      0.0000      3.1933      1.7857      0.0000      3.1083     -1.2676      0.0000      0.1519    268.4060      0.0000   0.345285E-07   2   1
    6    1 KB5V02        2 B   v01 KB5V0202.v0      3.2051      2.3895      0.0000      3.1520      1.8145      0.0000      2.8267     -1.7095      0.0000      0.0122    264.7260      0.0000   0.239133E-07   2   1
    7    1 KB5V02        3 C   v01 KB5V0203.v0      3.2001      2.3888      0.0000      3.1201      1.8374      0.0000      2.6176     -1.6264      0.0000     -0.1019    261.7460      0.0000   0.234426E-07   2   1
    8    1 KB5V02        4 D   v01 KB5V0204.v0      3.1950      2.3881      0.0000      3.0899      1.8591      0.0000      2.4103     -1.5618      0.0000     -0.2156    258.7630      0.0000   0.229296E-07   2   1
    9    1 KB5V03        1 A   v01 KB5V0301.v0      3.1809      2.3880      0.0000      3.1417      1.8218      0.0000      2.9211     -1.3710      0.0000      0.0365    266.0470      0.0000   0.100381E-07   2   1
   10    1 KB5V03        2 B   v01 KB5V0302.v0      3.1758      2.3887      0.0000      3.1270      1.8324      0.0000      2.8158     -1.7086      0.0000     -0.0077    264.9780      0.0000   0.106444E-07   2   1
   11    1 KB5V03        3 C   v01 KB5V0303.v0      3.1708      2.3894      0.0000      3.1119      1.8432      0.0000      2.7340     -1.6615      0.0000     -0.0542    263.8450      0.0000   0.100351E-07   2   1
   12    1 KB5V03        4 D   v01 KB5V0304.v0      3.1658      2.3901      0.0000      3.0976      1.8535      0.0000      2.6539     -1.6373      0.0000     -0.0991    262.7570      0.0000   0.101474E-07   2   1
   13    1 KB5V04        1 A   v01 KB5V0401.v0      3.1599      2.3908      0.0000      3.0831      1.8639      0.0000      2.5760     -1.6138      0.0000     -0.1434    261.7040      0.0000   0.101552E-07   2   1
   14    1 KB5V04        2 B   v01 KB5V0402.v0      3.1549      2.3915      0.0000      3.0694      1.8738      0.0000      2.4774     -1.7103      0.0000     -0.1880    260.6210      0.0000   0.999120E-08   2   1
   15    1 KB5V04        3 C   v01 KB5V0403.v0      3.1499      2.3922      0.0000      3.0558      1.8836      0.0000      2.4150     -1.5793      0.0000     -0.2333    259.5170      0.0000   0.103578E-07   2   1
   16    1 KB5V04        4 D   v01 KB5V0404.v0      3.1448      2.3929      0.0000      3.0430      1.8928      0.0000      2.3806     -1.3582      0.0000     -0.2759    258.4850      0.0000   0.981484E-08   2   1
   17    1 KB5V05        1 A   v01 KB5V0501.v0      3.1290      2.3982      0.0000      3.0039      1.9209      0.0000      2.1841     -1.2064      0.0000     -0.4073    255.3110      0.0000   0.300301E-07   2   1
   18    1 KB5V05        2 B   v01 KB5V0502.v0      3.1246      2.4007      0.0000      2.9684      1.9441      0.0000      2.0235     -0.8194      0.0000     -0.5618    251.1230      0.0000   0.365520E-07   2   1
   19    1 KB5V05        3 C   v01 KB5V0503.v0      3.1201      2.4031      0.0000      2.9275      1.9597      0.0000      1.8902     -0.4292      0.0000     -0.7275    246.5280      0.0000   0.370868E-07   2   1
   20    1 KB5V05        4 D   v01 KB5V0504.v0      3.1156      2.4055      0.0000      2.8867      1.9753      0.0000      1.8212     -0.0268      0.0000     -0.8871    241.9790      0.0000   0.418292E-07   2   1
   21    1 KB5V06        1 A   v01 KB5V0601.v0      3.1104      2.4084      0.0000      2.8420      1.9883      0.0000      1.8070      0.3684      0.0000     -1.0421    237.4230      0.0000   0.512869E-07   2   1
   22    1 KB5V06        2 B   v01 KB5V0602.v0      3.1060      2.4108      0.0000      2.7960      2.0015      0.0000      1.8405      0.7395      0.0000     -1.1897    232.8670      0.0000   0.600174E-07   2   1
   23    1 KB5V06        3 C   v01 KB5V0603.v0      3.1015      2.4132      0.0000      2.7426      2.0101      0.0000      1.8816      1.0431      0.0000     -1.3294    228.3200      0.0000   0.682730E-07   2   1
   24    1 KB5V06        4 D   v01 KB5V0604.v0      3.0971      2.4157      0.0000      2.6819      2.0178      0.0000      1.9478      1.3144      0.0000     -1.4604    223.7790      0.0000   0.760144E-07   2   1
   25    1 KB5V07        1 A   v01 KB5V0701.v0      3.1814      2.3880      0.0000      3.4506      1.5955      0.0000      3.8903      0.3007      0.0000      0.8433    288.7600      0.0000   0.672606E-07   2   0
   26    1 KB5V07        2 B   v01 KB5V0702.v0      3.1763      2.3887      0.0000      3.2952      1.7147      0.0000      3.6940     -0.5458      0.0000      0.5365    280.0050      0.0000   0.692535E-07   2   0
   27    1 KB5V07        3 C   v01 KB5V0703.v0      3.1713      2.3894      0.0000      3.1838      1.7923      0.0000      3.2456     -1.1539      0.0000      0.2151    271.2020      0.0000   0.716996E-07   2   0
   28    1 KB5V07        4 D   v01 KB5V0704.v0      3.1663      2.3901      0.0000      3.0953      1.8552      0.0000      2.6327     -1.6309      0.0000     -0.1101    262.4410      0.0000   0.750217E-07   2   0
   29    1 KB5V08        1 A   v01 KB5V0801.v0      3.1605      2.3909      0.0000      3.0161      1.9121      0.0000      2.1213     -1.0549      0.0000     -0.4500    253.2180      0.0000   0.795187E-07   2   0
   30    1 KB5V08        2 B   v01 KB5V0802.v0      3.1555      2.3916      0.0000      2.9351      1.9568      0.0000      1.8437     -0.1965      0.0000     -0.8069    243.1210      0.0000   0.792650E-07   2   0
   31    1 KB5V08        3 C   v01 KB5V0803.v0      3.1504      2.3922      0.0000      2.8449      1.9875      0.0000      1.8278      0.6404      0.0000     -1.1406    232.9480      0.0000   0.791635E-07   2   0
   32    1 KB5V08        4 D   v01 KB5V0804.v0      3.1454      2.3929      0.0000      2.7264      2.0121      0.0000      1.9421      1.2995      0.0000     -1.4512    222.2610      0.0000   0.802508E-07   2   0
   33    2 KB5H01        1 A   v01 KB5H0101.v0      5.0301      0.4052      0.0000      3.5537     -0.7886      0.0000      2.3929     -1.7272      0.0000      1.1946    218.9590      0.0000   0.894378E-08   2   1
   34    2 KB5H02        1 A   v01 KB5H0201.v0      5.0326      0.4025      0.0000      3.6198     -0.6856      0.0000      2.4205     -1.6093      0.0000      1.1591    217.6030      0.0000   0.920503E-08   2   1
   35    2 KB5H01        2 B   v01 KB5H0102.v0      5.0330      0.4011      0.0000      3.6645     -0.6048      0.0000      2.4024     -1.5325      0.0000      1.1226    216.3170      0.0000   0.937226E-08   2   1
   36    2 KB5H02        2 B   v01 KB5H0202.v0      5.0355      0.3983      0.0000      3.6985     -0.5363      0.0000      2.4129     -1.4351      0.0000      1.0857    214.9560      0.0000   0.959751E-08   2   1
   37    2 KB5H01        3 C   v01 KB5H0103.v0      5.0358      0.3969      0.0000      3.7260     -0.4758      0.0000      2.3884     -1.3671      0.0000      1.0482    213.6760      0.0000   0.970187E-08   2   1
   38    2 KB5H02        3 C   v01 KB5H0203.v0      5.0384      0.3941      0.0000      3.7493     -0.4208      0.0000      2.3041     -1.3344      0.0000      1.0097    212.3000      0.0000   0.984836E-08   2   1
   39    2 KB5H01        4 D   v01 KB5H0104.v0      5.0387      0.3927      0.0000      3.7675     -0.3720      0.0000      2.2458     -1.2875      0.0000      0.9715    211.0310      0.0000   0.990060E-08   2   1
   40    2 KB5H02        4 D   v01 KB5H0204.v0      5.0412      0.3899      0.0000      3.7841     -0.3259      0.0000      2.1943     -1.2311      0.0000      0.9318    209.6560      0.0000   0.100017E-07   2   1
   41    2 KB5H03        1 A   v01 KB5H0301.v0      5.0480      0.3633      0.0000      3.8090     -0.2474      0.0000      2.1298     -1.0753      0.0000      0.8487    206.2420      0.0000   0.217596E-07   2   1
   42    2 KB5H03        2 B   v01 KB5H0302.v0      5.0497      0.3586      0.0000      3.8427     -0.1170      0.0000      2.0286     -0.8316      0.0000      0.6968    201.5030      0.0000   0.231629E-07   2   1
   43    2 KB5H03        3 C   v01 KB5H0303.v0      5.0513      0.3538      0.0000      3.8648     -0.0028      0.0000      1.9325     -0.5836      0.0000      0.5389    196.7280      0.0000   0.237982E-07   2   1
   44    2 KB5H03        4 D   v01 KB5H0304.v0      5.0530      0.3490      0.0000      3.8785      0.0993      0.0000      1.8676     -0.3282      0.0000      0.3790    192.0010      0.0000   0.236387E-07   2   1
   45    2 KB5H04        1 A   v01 KB5H0401.v0      5.0540      0.3433      0.0000      3.8873      0.2074      0.0000      1.8220     -0.0333      0.0000      0.1947    186.6470      0.0000   0.240313E-07   2   1
   46    2 KB5H04        2 B   v01 KB5H0402.v0      5.0540      0.3383      0.0000      3.8903      0.2996      0.0000      1.8063      0.2302      0.0000      0.0300    181.9050      0.0000   0.248393E-07   2   1
   47    2 KB5H04        3 C   v01 KB5H0403.v0      5.0539      0.3332      0.0000      3.8891      0.3913      0.0000      1.8135      0.4950      0.0000     -0.1356    177.1420      0.0000   0.248109E-07   2   1
   48    2 KB5H04        4 D   v01 KB5H0404.v0      5.0539      0.3281      0.0000      3.8835      0.4840      0.0000      1.8427      0.7559      0.0000     -0.2991    172.4120      0.0000   0.239695E-07   2   1
   49    2 KB5H05        1 A   v01 KB5H0501.v0      5.0529      0.3227      0.0000      3.8718      0.5897      0.0000      1.8812      1.0398      0.0000     -0.4748    167.2600      0.0000   0.236126E-07   2   1
   50    2 KB5H05        2 B   v01 KB5H0502.v0      5.0512      0.3179      0.0000      3.8541      0.6950      0.0000      1.9414      1.2977      0.0000     -0.6334    162.5120      0.0000   0.237295E-07   2   1
   51    2 KB5H05        3 C   v01 KB5H0503.v0      5.0495      0.3131      0.0000      3.8278      0.8125      0.0000      2.0362      1.5449      0.0000     -0.7876    157.7660      0.0000   0.230339E-07   2   1
   52    2 KB5H05        4 D   v01 KB5H0504.v0      5.0478      0.3083      0.0000      3.7872      0.9494      0.0000      2.1493      1.7824      0.0000     -0.9357    153.0440      0.0000   0.215983E-07   2   0
   53    2 KB5H06        1 A   v01 KB5H0601.v0      5.0404      0.2801      0.0000      3.7575      1.0320      0.0000      2.2663      1.9060      0.0000     -1.0146    149.6250      0.0000   0.191953E-07   2   0
   54    2 KB5H06        2 B   v01 KB5H0602.v0      5.0375      0.2759      0.0000      3.7147      1.1353      0.0000      2.4163      1.9787      0.0000     -1.0898    146.9920      0.0000   0.188651E-07   2   0
   55    2 KB5H06        3 C   v01 KB5H0603.v0      5.0347      0.2717      0.0000      3.6507      1.2648      0.0000      2.6031      2.0164      0.0000     -1.1632    144.3400      0.0000   0.183140E-07   2   0
   56    2 KB5H06        4 D   v01 KB5H0604.v0      5.0318      0.2676      0.0000      3.6406      1.3661      0.0000      2.8588      1.9835      0.0000     -1.2337    141.7020      0.0000   0.175371E-07   2   0
